clear;
%data = readmatrix('input.csv');
%{
data = [   0   1   1   1   0   1   1   1   1   1   1   1   1   1   1   1   1   1   1   1;
           0   0   1   1   0   1   1   1   1   1   1   1   1   1   1   1   1   1   1   1;
           0   0   0   1   0   1   1   1   1   1   1   1   1   1   1   1   1   1   0   0;
           0   0   0   0   1   1   1   1   1   1   1   1   1   1   1   1   1   1   1   1;
           0   0   0   0   0   0   1   1   1   1   1   1   1   1   1   1   1   1   1   1;
           0   0   0   0   0   0   0   1   1   1   1   1   1   1   1   1   1   1   1   1;
           0   0   0   0   0   0   0   1   1   1   1   1   1   1   1   1   1   1   1   0;
           0   0   0   0   0   0   0   0   1   1   1   1   1   1   1   1   1   1   1   1;
           0   0   0   0   0   0   0   0   0   1   1   1   1   1   1   1   1   1   1   1;
           0   0   0   0   0   0   0   0   0   0   1   1   1   1   1   0   1   1   1   1;
           0   0   0   0   0   0   0   0   0   0   0   1   1   1   1   1   1   1   1   1;
           0   0   0   0   0   0   0   0   0   0   0   0   1   1   1   1   0   1   1   1;
           0   0   0   0   0   0   0   0   0   0   0   0   0   1   1   1   1   1   1   1;
           0   0   0   0   0   0   0   0   0   0   0   0   0   0   1   1   1   0   1   1;
           0   0   0   0   0   0   0   0   0   0   0   0   0   0   0   1   0   1   1   1;
           0   0   0   0   0   0   0   0   0   0   0   0   0   0   0   0   1   1   1   1;
           0   0   0   0   0   0   0   0   0   0   0   0   0   0   0   0   0   1   1   1;
           0   0   0   0   0   0   0   0   0   0   0   0   0   0   0   0   0   0   1   0;
           0   0   0   0   0   0   0   0   0   0   0   0   0   0   0   0   0   0   0   1;
           0   0   0   0   0   0   0   0   0   0   0   0   0   0   0   0   0   0   0   0];
%}
data = [0 1 0 1 1; 0 0 1 0 1; 0 0 0 1 1; 0 0 0 1 0; 0 0 0 0 1];
[r,l] = size(data);
%w = rand(r,1);
flag = ones(1,l);
i = 1;
while sum(flag)
    for j = 1:l
        if flag(j)
            for f = j+1:l
                if ~data(j,f)
                    flag(f) = 0;
                end
            end
        end
        M(i,j) = flag(j);
    end
    for fk = l:-1:1
        if flag(fk)
            flag(fk) = 0;
            if fk ~= l
                for fr = fk+1:l
                    flag(fr) = 1;
                end
            end
            break
        end
    end
    i = i + 1;
end
